world: 8129001e-fb9c-4b12-9cd9-bfbcf5dcde0d
world-name: world
x: -16.594252841575994
y: 186.0
z: 481.4871985428966
yaw: -150.89999389648438
pitch: 21.450000762939453
name: blueprint
lastowner: 01cb64ef-2b8b-4916-a518-bb261f05e492
