world: 8129001e-fb9c-4b12-9cd9-bfbcf5dcde0d
world-name: world
x: 66.95580527593539
y: 151.0
z: -24.42555295433477
yaw: -89.0281982421875
pitch: 8.549490928649902
name: dungeon
lastowner: 01cb64ef-2b8b-4916-a518-bb261f05e492
