world: 8129001e-fb9c-4b12-9cd9-bfbcf5dcde0d
world-name: world
x: 1.3762464066847626
y: 162.0
z: -247.44159864070588
yaw: -177.71946716308594
pitch: 9.899547576904297
name: help
lastowner: 7d573538-2b71-493e-a89f-031ba86efe9e
