world: 8129001e-fb9c-4b12-9cd9-bfbcf5dcde0d
world-name: world
x: 36.44649559288947
y: 153.0
z: 10.142508128646979
yaw: -45.893768310546875
pitch: 9.426379203796387
name: shop
lastowner: 5bf1dfdb-0dca-4123-9ce1-020f781be1ad
