world: 8129001e-fb9c-4b12-9cd9-bfbcf5dcde0d
world-name: world
x: 2.3357270223820836
y: 148.0
z: -160.7470848609326
yaw: -178.19305419921875
pitch: 11.52070426940918
name: slime
lastowner: 5bf1dfdb-0dca-4123-9ce1-020f781be1ad
