spawns:
  default:
    world: 8129001e-fb9c-4b12-9cd9-bfbcf5dcde0d
    world-name: world
    x: 0.3739512301270789
    y: 140.0
    z: 0.18390845342278786
    yaw: -179.79998779296875
    pitch: 48.87786865234375
