spawns:
  default:
    world: 875279c8-3aac-4868-968d-fb7f26aee899
    world-name: world
    x: -58.048708810136986
    y: 162.625
    z: 16.87403899712904
    yaw: -165.53033447265625
    pitch: 56.71994400024414
