spawns:
  default:
    world: 8129001e-fb9c-4b12-9cd9-bfbcf5dcde0d
    world-name: world
    x: -9.792263239662276
    y: 132.0
    z: 3.1974918901896636
    yaw: -123.23096466064453
    pitch: 50.55006408691406
